38.0805527548 -106.281555562
37.9991525438 -101.791256465
40.1763469163 -101.042272426
38.4021560325 -108.269451135
37.2779522735 -105.428249706
37.6846796381 -104.960584534
37.1923179509 -101.312046958
36.2778878907 -102.60218562
37.1933028033 -100.851287248
37.286581954 -107.843270687
44.2839056343 -112.351297512
42.1330537308 -104.965815501
44.4123213669 -100.735943173
38.3570143624 -113.235717851
36.5095802749 -106.693083681
42.2847872565 -111.329738822
43.0405280973 -108.630418124
38.4805374528 -101.805968435
38.0037403985 -108.405922131
36.0105961 -104.944975073
42.2838809992 -113.600088287
41.9149937091 -101.740518753
43.0564977139 -104.47537645
39.7621646287 -104.875801423
39.9541358004 -105.052664798
42.9723307203 -105.507062664
37.1913959707 -101.799252231
40.6673139262 -111.923601307
41.6544687417 -105.723910733
44.5204732898 -109.587955049
41.2197790932 -102.994978749
40.8759049641 -102.351791195
38.9166611398 -101.763574005
42.1810916537 -111.813201111
43.759429876 -111.207614545
38.8613737904 -107.862876811
37.2850993946 -111.887766252
39.7027072964 -112.784789329
42.7705180974 -111.562215274
37.5621932698 -101.308021268
40.9900687168 -112.111371277
37.8549014253 -111.443134948
43.9606082888 -100.689719816
40.887287897 -109.507612097
44.9058408356 -103.508040266
40.3307738015 -111.16818403
43.3355804524 -102.551617407
41.7159996542 -103.010548763
37.7381978567 -100.437862948
40.0924597674 -105.35770567
39.8736400746 -104.337801716
40.5938843197 -102.357579601
38.4813047182 -100.466398449
41.5459746701 -103.710476768
44.3586271805 -103.792224515
37.5630613882 -101.784183191
41.6594961424 -108.879430782
43.2165580516 -112.398078523
43.6942207429 -101.628137211
38.3366204607 -112.127186525
40.8681663764 -110.955893455
36.5085107806 -108.320603167
36.7497076523 -100.476834839
38.6667977063 -107.031700114
37.3191787991 -102.560476646
40.5300832055 -100.394202624
41.0893204311 -111.573150356
43.6776345435 -103.451555966
41.3070676864 -104.689620569
37.3158384919 -104.03869984
42.2638016191 -110.655947277
41.287491921 -110.547561693
41.8506075383 -103.70794664
38.326661062 -103.784825661
41.047767486 -100.745233846
44.2287741072 -111.481955865
39.785240911 -101.075705109
42.7669066527 -109.914705901
41.5689031802 -101.695910708
36.2776668644 -101.893467006
40.7246687188 -103.110095731
37.8591931317 -113.289465841
37.2006875346 -106.191627951
44.5267152135 -107.995198768
39.6278256159 -106.695299259
38.7469030854 -106.194066665
38.4729724659 -105.439657054
42.7197222221 -103.135438139
36.6061367396 -104.646842539
40.1758305125 -100.476864817
40.5247823592 -101.06184392
42.4877134885 -103.758878789
44.9432516761 -113.933251642
40.6664172232 -105.461144451
37.6259310585 -109.804623139
44.2944276779 -101.539985727
40.5548298977 -104.392531357
43.8404850615 -104.567830048
40.5241957601 -101.697946991
40.0028993432 -102.424226323
40.6664326842 -106.342794688
39.3054413227 -102.602887422
39.3739160769 -111.576354881
39.7847564917 -100.459899544
39.1193028617 -105.717174716
38.1734202345 -104.512845555
36.578159387 -105.631025824
42.1949698367 -112.539356598
39.3503577669 -100.441832361
38.00019653 -101.31986081
37.2381964095 -100.36618026
43.9346374164 -110.589809669
38.4820845404 -101.34735565
40.2982423213 -110.42518446
43.411940562 -113.980147573
41.2698430321 -111.913383934
38.9880685587 -103.513965366
37.9027017254 -103.716445685
37.1936094363 -107.048288324
37.5622507408 -100.871191808
41.9159125951 -101.135334608
39.6481383656 -110.588798086
38.981944957 -109.569833712
43.3877423794 -111.614752705
39.9798357499 -108.217225788
44.2483385902 -105.548313414
38.9967401872 -110.700630808
44.0037135763 -102.823815002
44.7899892755 -106.879383134
39.3297243092 -104.929559461
41.6945892724 -106.930610164
42.8542597176 -113.637461803
39.3509686024 -101.055531285
38.4326851414 -102.740340455
39.2171057452 -106.916577749
41.5210180281 -113.082022662
39.7858693359 -101.731104218
38.1554971802 -107.76931682
39.8575436237 -105.522621196
43.2393780072 -103.527540829
40.4487493593 -113.131090626
39.5864284092 -105.250466793
36.2784137139 -100.815653969
44.5886036159 -104.569929444
41.5680844607 -101.060530422
42.9622404458 -106.798493803
38.9173365456 -101.148391114
40.1247748425 -109.51864842
38.8821720468 -105.161826391
39.0182904955 -108.466440182
40.2627443761 -103.809822237
37.6689956825 -106.924094646
39.6890538531 -105.64436349
38.0443048231 -100.736990786
44.5668319195 -102.71686602
41.1115978115 -102.333949943
43.7189289965 -108.442097151
39.0732871864 -113.10069891
39.599307179 -107.903956154
36.2777169084 -100.273115438
39.2023794705 -106.344837734
41.6194314385 -102.335438285
36.7479021665 -101.490100072
37.7516108062 -108.517265273
41.1987931574 -101.661351227
42.2197672573 -103.085681934
43.1933721852 -100.71843535
42.6684852128 -112.224618777
37.5728931402 -105.788288197
40.61842222 -108.207290604
37.3384339705 -108.596669828
38.9160955531 -100.48290474
41.5664861496 -100.482861357
42.5047730204 -102.408963566
40.4850679408 -106.991193187
39.6497752303 -104.339234024
40.8509414055 -101.649613261
38.8279397207 -102.603395824
41.9135060744 -100.555845619
37.8213415755 -107.300311758
37.5825228172 -106.38321036
42.0879392632 -104.353264458
36.7483050997 -102.517723689
40.102614944 -106.118358313
43.9049970086 -107.68286072
41.1976566629 -103.714949912
38.7477765207 -111.804508601
37.2804061385 -113.504711207
43.1949168271 -101.663989111
43.5812561668 -100.760002796
40.1199573141 -111.670334914
38.8320890915 -104.525584561
39.634170806 -106.116379137
38.482169359 -100.906858956
36.2774544717 -101.354539211
44.0387746178 -106.584632792
38.3243487435 -110.903793031
39.9710617874 -103.201252881
41.7224295706 -111.743622083
38.1086779015 -105.367471778
43.7841402516 -111.659188485
40.1762352358 -101.687961438
43.7229327365 -113.172032247
37.9550855775 -103.071704571
39.2865595002 -104.13588983
42.5449323085 -101.118576892
41.6322534258 -111.244509797
43.8201324535 -112.311302461
36.4816684795 -103.470970513
37.764043073 -107.676147275
37.9551831858 -102.393348977
44.9804118511 -101.665858437
42.6936561133 -112.840655966
44.7155640273 -100.132245565
39.3514336872 -101.719980701
